 87  86  86  86  86  86  86  86  86  86  86  86  86  86  86  87
 86  80  82  82  82  82  82  82  82  82  82  82  82  82  80  86
 86  82  88  88  88  88  88  88  88  88  88  88  88  88  82  86
 86  82  88  88  88  88  88  88  88  88  88  88  88  88  82  86
 86  82  88  88  88  88  88  86  84  77  84  87  88  88  82  86
 86  82  88  88  88  88  82  78  77  77  77  84  88  88  82  86
 86  82  88  86  84  77  77  77  77  77  77  77  84  87  82  86
 86  82  82  78  77  77  77  77  77  77  77  77  77  84  82  86
 86  82  88  88  77  77  85  81  77  77  82  77  83  88  82  86
 86  82  88  88  77  77  81  79  77  77  86  78  83  88  82  86
 86  80  83  82  78  79  79  79  79  78  81  80  81  83  80  86
 86  82  88  87  83  86  88  88  83  85  86  88  88  88  82  86
 86  82  88  88  88  88  88  86  85  83  88  88  88  88  82  86
 86  82  88  88  88  88  88  86  86  87  88  88  88  88  82  86
 86  80  82  82  82  82  82  82  82  82  82  82  82  82  80  86
 87  86  86  86  86  86  86  86  86  86  86  86  86  86  86  87
207 194 191 191 191 191 191 191 191 191 191 191 191 191 194 207
194 118 137 137 137 137 137 137 137 137 137 137 137 137 118 194
191 137 210 210 210 210 210 210 210 210 210 210 210 210 137 191
191 137 210 210 210 210 210 210 210 210 210 210 210 210 137 191
191 137 210 210 210 210 210 196 159  77 159 207 210 210 137 191
191 137 210 210 210 210 141  86  64  64  70 159 210 210 137 191
191 137 210 196 159  77  64  64  64  64  64  64 159 207 137 191
191 137 141  86  64  64  64  64  64  64  64  64  70 159 137 191
191 137 210 210  64  64 175 127  64  64 143  75 155 210 137 191
191 137 210 210  64  64 127 100  64  64 191  82 155 210 137 191
191 116 155 148  86 100 100 100 100  79 134 107 134 155 116 191
191 137 210 203 154 189 210 210 155 175 196 210 210 210 137 191
191 137 210 210 210 210 210 196 178 150 210 210 210 210 137 191
191 137 210 210 210 210 210 196 191 205 210 210 210 210 137 191
194 118 137 137 137 137 137 137 137 137 137 137 137 137 118 194
207 194 191 191 191 191 191 191 191 191 191 191 191 191 194 207
251 233 230 230 230 230 230 230 230 230 230 230 230 230 233 251
233 130 156 156 156 156 156 156 156 156 156 156 156 156 130 233
230 156 255 255 255 255 255 255 255 255 255 255 255 255 156 230
230 156 255 255 255 255 255 255 255 255 255 255 255 255 156 230
230 156 255 255 255 255 255 236 186  75 186 251 255 255 156 230
230 156 255 255 255 255 162  87  57  57  66 186 255 255 156 230
230 156 255 236 186  75  57  57  57  57  57  57 186 251 156 230
230 156 162  87  57  57  57  57  57  57  57  57  66 186 156 230
230 156 255 255  57  57 208 143  57  57 165  72 180 255 156 230
230 156 255 255  57  57 143 106  57  57 230  81 180 255 156 230
230 127 180 171  87 106 106 106 106  78 152 115 152 180 127 230
230 156 255 245 180 227 255 255 180 208 236 255 255 255 156 230
230 156 255 255 255 255 255 236 211 174 255 255 255 255 156 230
230 156 255 255 255 255 255 236 230 248 255 255 255 255 156 230
233 130 156 156 156 156 156 156 156 156 156 156 156 156 130 233
251 233 230 230 230 230 230 230 230 230 230 230 230 230 233 251

 88  87  86  86  86  86  86  86  86  86  86  86  86  86  87  88
 87  80  82  82  82  82  82  82  82  82  80  82  82  82  81  87
 86  82  88  88  88  88  88  84  88  88  84  88  88  88  82  86
 86  82  88  88  88  88  84  78  84  84  82  88  88  88  82  86
 86  82  88  88  88  84  77  77  78  78  80  88  88  88  82  86
 86  82  88  88  84  78  77  77  83  86  82  87  88  88  82  86
 86  82  88  88  78  77  77  77  77  77  78  85  83  88  82  86
 86  82  88  88  84  77  77  77  77  77  80  84  85  86  82  86
 86  82  88  88  87  79  77  77  81  79  80  88  87  87  82  86
 86  82  88  88  88  83  77  77  85  81  80  88  88  88  82  86
 86  82  88  88  88  88  78  77  77  77  80  86  88  88  82  86
 86  82  88  88  88  88  84  77  77  77  79  84  88  88  82  86
 86  82  88  88  88  88  87  79  88  88  83  87  88  88  82  86
 86  82  88  88  88  88  88  83  88  88  84  88  88  88  82  86
 87  80  82  82  82  82  82  82  82  82  80  82  82  82  80  87
 88  87  86  86  86  86  86  86  86  86  86  86  86  86  87  88
208 194 192 192 192 192 192 192 192 192 192 192 192 192 194 208
194 118 137 137 137 137 137 137 137 137 116 137 137 137 118 194
192 137 210 210 210 210 208 160 210 210 155 210 210 210 137 192
192 137 210 210 210 210 160  71 155 155 134 210 210 210 137 192
192 137 210 210 208 160  64  64  75  82 107 210 210 210 137 192
192 137 210 210 160  71  64  64 144 192 135 196 210 210 137 192
192 137 210 210  78  64  64  64  64  64  80 176 151 205 137 192
192 137 210 210 160  64  64  64  64  64 100 155 178 192 137 192
192 137 210 210 196  87  64  64 128 100 101 210 196 196 137 192
192 137 210 210 210 142  64  64 176 128 100 210 210 210 137 192
192 137 210 210 210 210  78  64  64  64 101 189 210 210 137 192
192 137 210 210 210 210 160  64  64  64  87 155 210 210 137 192
192 137 210 210 210 210 196  87 210 210 148 203 210 210 137 192
192 137 210 210 210 210 210 142 210 210 155 210 210 210 137 192
194 118 137 137 137 137 137 137 137 137 116 137 137 137 118 194
208 194 192 192 192 192 192 192 192 192 192 192 192 192 194 208
252 233 230 230 230 230 230 230 230 230 230 230 230 230 233 252
233 131 156 156 156 156 156 156 156 156 128 156 156 156 131 233
230 156 255 255 255 255 252 187 255 255 181 255 255 255 156 230
230 156 255 255 255 255 187  66 181 181 153 255 255 255 156 230
230 156 255 255 252 187  57  57  72  82 116 255 255 255 156 230
230 156 255 255 187  66  57  57 165 230 153 236 255 255 156 230
230 156 255 255  76  57  57  57  57  57  79 209 175 249 156 230
230 156 255 255 187  57  57  57  57  57 106 181 212 230 156 230
230 156 255 255 236  88  57  57 144 106 106 255 236 236 156 230
230 156 255 255 255 162  57  57 209 144 106 255 255 255 156 230
230 156 255 255 255 255  76  57  57  57 106 227 255 255 156 230
230 156 255 255 255 255 187  57  57  57  88 180 255 255 156 230
230 156 255 255 255 255 236  88 255 255 171 246 255 255 156 230
230 156 255 255 255 255 255 162 255 255 181 255 255 255 156 230
233 131 156 156 156 156 156 156 156 156 128 156 156 156 131 233
252 233 230 230 230 230 230 230 230 230 230 230 230 230 233 252

 88  87  86  86  86  86  86  86  86  86  86  86  86  86  87  88
 87  81  82  82  82  82  82  82  82  82  82  82  82  82  80  87
 86  82  88  88  88  88  88  86  87  88  88  88  88  88  82  86
 86  82  88  88  88  88  83  85  87  88  88  88  88  88  82  86
 86  82  88  88  88  87  85  84  88  88  86  84  87  88  82  86
 86  80  84  82  80  82  78  80  80  80  80  79  83  84  80  86
 86  82  88  84  78  86  77  77  79  81  77  77  88  88  82  86
 86  82  88  84  78  83  77  77  81  85  77  77  88  88  82  86
 86  82  84  78  77  77  77  77  77  77  77  77  79  83  82  86
 86  82  88  84  77  77  77  77  77  77  78  84  87  88  82  86
 86  82  88  88  84  78  77  77  79  83  88  88  88  88  82  86
 86  82  88  88  88  84  78  84  87  88  88  88  88  88  82  86
 86  82  88  88  88  88  88  88  88  88  88  88  88  88  82  86
 86  82  88  88  88  88  88  88  88  88  88  88  88  88  82  86
 87  80  82  82  82  82  82  82  82  82  82  82  82  82  80  87
 88  87  86  86  86  86  86  86  86  86  86  86  86  86  87  88
208 194 192 192 192 192 192 192 192 192 192 192 192 192 194 208
194 118 137 137 137 137 137 137 137 137 137 137 137 137 118 194
192 137 210 210 210 210 205 192 196 210 210 210 210 210 137 192
192 137 210 210 210 210 151 178 196 210 210 210 210 210 137 192
192 137 210 210 210 196 176 155 210 210 189 155 203 210 137 192
192 116 155 134 107 135  80 100 101 100 101  87 148 155 116 192
192 137 210 155  82 192  64  64 100 128  64  64 210 210 137 192
192 137 210 155  75 144  64  64 128 176  64  64 210 210 137 192
192 137 160  71  64  64  64  64  64  64  64  64  87 142 137 192
192 137 208 160  64  64  64  64  64  64  78 160 196 210 137 192
192 137 210 210 160  71  64  64  87 142 210 210 210 210 137 192
192 137 210 210 208 160  78 160 196 210 210 210 210 210 137 192
192 137 210 210 210 210 210 210 210 210 210 210 210 210 137 192
192 137 210 210 210 210 210 210 210 210 210 210 210 210 137 192
194 118 137 137 137 137 137 137 137 137 137 137 137 137 118 194
208 194 192 192 192 192 192 192 192 192 192 192 192 192 194 208
252 233 230 230 230 230 230 230 230 230 230 230 230 230 233 252
233 131 156 156 156 156 156 156 156 156 156 156 156 156 131 233
230 156 255 255 255 255 249 230 236 255 255 255 255 255 156 230
230 156 255 255 255 255 175 212 236 255 255 255 255 255 156 230
230 156 255 255 255 236 209 181 255 255 227 180 246 255 156 230
230 128 181 153 116 153  79 106 106 106 106  88 171 181 128 230
230 156 255 181  82 230  57  57 106 144  57  57 255 255 156 230
230 156 255 181  72 165  57  57 144 209  57  57 255 255 156 230
230 156 187  66  57  57  57  57  57  57  57  57  88 162 156 230
230 156 252 187  57  57  57  57  57  57  76 187 236 255 156 230
230 156 255 255 187  66  57  57  88 162 255 255 255 255 156 230
230 156 255 255 252 187  76 187 236 255 255 255 255 255 156 230
230 156 255 255 255 255 255 255 255 255 255 255 255 255 156 230
230 156 255 255 255 255 255 255 255 255 255 255 255 255 156 230
233 131 156 156 156 156 156 156 156 156 156 156 156 156 131 233
252 233 230 230 230 230 230 230 230 230 230 230 230 230 233 252

 88  87  86  86  86  86  86  86  86  86  86  86  86  86  87  88
 87  80  82  82  82  80  82  82  82  82  82  82  82  82  80  87
 86  82  88  88  88  84  88  88  83  88  88  88  88  88  82  86
 86  82  88  88  87  83  88  88  79  87  88  88  88  88  82  86
 86  82  88  88  84  79  77  77  77  84  88  88  88  88  82  86
 86  82  88  88  86  80  77  77  77  78  88  88  88  88  82  86
 86  82  88  88  88  80  81  85  77  77  83  88  88  88  82  86
 86  82  87  87  88  80  79  81  77  77  79  87  88  88  82  86
 86  82  86  85  84  80  77  77  77  77  77  84  88  88  82  86
 86  82  88  83  85  78  77  77  77  77  77  78  88  88  82  86
 86  82  88  88  87  82  86  83  77  77  78  84  88  88  82  86
 86  82  88  88  88  80  78  78  77  77  84  88  88  88  82  86
 86  82  88  88  88  82  84  84  78  84  88  88  88  88  82  86
 86  82  88  88  88  84  88  88  84  88  88  88  88  88  82  86
 87  81  82  82  82  80  82  82  82  82  82  82  82  82  80  87
 88  87  86  86  86  86  86  86  86  86  86  86  86  86  87  88
208 194 192 192 192 192 192 192 192 192 192 192 192 192 194 208
194 118 137 137 137 116 137 137 137 137 137 137 137 137 118 194
192 137 210 210 210 155 210 210 142 210 210 210 210 210 137 192
192 137 210 210 203 148 210 210  87 196 210 210 210 210 137 192
192 137 210 210 155  87  64  64  64 160 210 210 210 210 137 192
192 137 210 210 189 101  64  64  64  78 210 210 210 210 137 192
192 137 210 210 210 100 128 176  64  64 142 210 210 210 137 192
192 137 196 196 210 101 100 128  64  64  87 196 210 210 137 192
192 137 192 178 155 100  64  64  64  64  64 160 210 210 137 192
192 137 205 151 176  80  64  64  64  64  64  78 210 210 137 192
192 137 210 210 196 135 192 144  64  64  71 160 210 210 137 192
192 137 210 210 210 107  82  75  64  64 160 208 210 210 137 192
192 137 210 210 210 134 155 155  71 160 210 210 210 210 137 192
192 137 210 210 210 155 210 210 160 208 210 210 210 210 137 192
194 118 137 137 137 116 137 137 137 137 137 137 137 137 118 194
208 194 192 192 192 192 192 192 192 192 192 192 192 192 194 208
252 233 230 230 230 230 230 230 230 230 230 230 230 230 233 252
233 131 156 156 156 128 156 156 156 156 156 156 156 156 131 233
230 156 255 255 255 181 255 255 162 255 255 255 255 255 156 230
230 156 255 255 246 171 255 255  88 236 255 255 255 255 156 230
230 156 255 255 180  88  57  57  57 187 255 255 255 255 156 230
230 156 255 255 227 106  57  57  57  76 255 255 255 255 156 230
230 156 255 255 255 106 144 209  57  57 162 255 255 255 156 230
230 156 236 236 255 106 106 144  57  57  88 236 255 255 156 230
230 156 230 212 181 106  57  57  57  57  57 187 255 255 156 230
230 156 249 175 209  79  57  57  57  57  57  76 255 255 156 230
230 156 255 255 236 153 230 165  57  57  66 187 255 255 156 230
230 156 255 255 255 116  82  72  57  57 187 252 255 255 156 230
230 156 255 255 255 153 181 181  66 187 255 255 255 255 156 230
230 156 255 255 255 181 255 255 187 252 255 255 255 255 156 230
233 131 156 156 156 128 156 156 156 156 156 156 156 156 131 233
252 233 230 230 230 230 230 230 230 230 230 230 230 230 233 252
