 34  34 247  34  34 247  34  34  34  34  34  34  34  34  34  34
 34 138  12  12 138  12  12  12  12  12  12  12  12  12  12  34
247  12  34 247  34  34  34  34  34  34  34  34  34  34  12  34
 34  12 247  34  34  34  34  34  34  34  34  34  34  34  12  34
 34 138  34  34  34  34  34  34  34  12  34  34  34  34  12  34
247  12  34  34  34  34  34  12  34  12  12  34  34  34  12  34
 34  12  34  34  34  12  12  12  12  12  12  12  34  34  12  34
 34  12  34  12  12  12  12  12  12  12  12  12  12  34  12  34
 34  12  34  34  12  12  34  34  12  12  34  12  34  34  12  34
 34  12  34  34  12  12  34  34  12  12  34  12  34  34  12 247
 34  12  12  12  12  12  12  12  12  12  12  12  12  12 138  34
 34  12  12  12  34  12  12  12  12  12  12  12  12 138  12  34
 34  12  12  12  12  12  12  12  12  34  12  12 138  12  12  34
 34  12  12  12  12  12  12  12  12  12  12 138  12  12  12  34
 34  12  12  12  12  12  12  12  12  12 138  12  12  12  12 247
 34  34  34  34  34  34  34  34  34 247  34  34  34  34 247  34
 14  14 246  14  14 246  14  14  14  14  14  14  14  14  14  14
 14 132   5   5 132   5   5   5   5   5   5   5   5   5   5  14
246   5  14 246  14  14  14  14  14  14  14  14  14  14   5  14
 14   5 246  14  14  14  14  14  14  14  14  14  14  14   5  14
 14 132  14  14  14  14  14  14  14   5  14  14  14  14   5  14
246   5  14  14  14  14  14   5  14   5   5  14  14  14   5  14
 14   5  14  14  14   5   5   5   5   5   5   5  14  14   5  14
 14   5  14   5   5   5   5   5   5   5   5   5   5  14   5  14
 14   5  14  14   5   5  14  14   5   5  14   5  14  14   5  14
 14   5  14  14   5   5  14  14   5   5  14   5  14  14   5 246
 14   5   5   5   5   5   5   5   5   5   5   5   5   5 132  14
 14   5   5   5  14   5   5   5   5   5   5   5   5 132   5  14
 14   5   5   5   5   5   5   5   5  14   5   5 132   5   5  14
 14   5   5   5   5   5   5   5   5   5   5 132   5   5   5  14
 14   5   5   5   5   5   5   5   5   5 132   5   5   5   5 246
 14  14  14  14  14  14  14  14  14 246  14  14  14  14 246  14
167 167 255 167 167 255 167 167 167 167 167 167 167 167 167 167
167 169  57  57 169  57  57  57  57  57  57  57  57  57  57 167
255  57 167 255 167 167 167 167 167 167 167 167 167 167  57 167
167  57 255 167 167 167 167 167 167 167 167 167 167 167  57 167
167 169 167 167 167 167 167 167 167  57 167 167 167 167  57 167
255  57 167 167 167 167 167  57 167  57  57 167 167 167  57 167
167  57 167 167 167  57  57  57  57  57  57  57 167 167  57 167
167  57 167  57  57  57  57  57  57  57  57  57  57 167  57 167
167  57 167 167  57  57 167 167  57  57 167  57 167 167  57 167
167  57 167 167  57  57 167 167  57  57 167  57 167 167  57 255
167  57  57  57  57  57  57  57  57  57  57  57  57  57 169 167
167  57  57  57 167  57  57  57  57  57  57  57  57 169  57 167
167  57  57  57  57  57  57  57  57 167  57  57 169  57  57 167
167  57  57  57  57  57  57  57  57  57  57 169  57  57  57 167
167  57  57  57  57  57  57  57  57  57 169  57  57  57  57 255
167 167 167 167 167 167 167 167 167 255 167 167 167 167 255 167

 34  32  31  31  31  31  31  31  41 171  95  33  31  61 183  65
 32  20  23  23  23  23  23  23  23  33  93  58  15  15  49 183
 31  23  34  34  34  34  34  26  34  34  26  94  55  14  15  61
 31  23  34  34  34  34  26  13  26  26  17  18  79  55  15  31
 31  23  34  34  34  26  12  12  14  15  13  12  18  94  58  33
 31  23  34  34  26  13  12  12  24  31  21  14  12  18  89  95
 31  23  34  34  14  13  14  12  12  12  15  17  21  13  25 171
 31  23  34  34  27  17  24  13  12  12  12  20  17  15  15  41
 31  23  34  34  32  15  15  12  22  17  12  12  14  14  15  31
 61  23  34  34  34  24  12  12  29  22  12  12  12  12  15  31
182  49  34  34  34  34  14  12  12  12  12  15  12  12  15  31
 58 140  64  34  34  34  26  12  12  12  14  20  12  12  15  31
 61  53 187  67  34  34  32  15  34  34  21  13  12  12  15  31
176  49  67 187  64  34  34  24  34  34  20  12  12  12  15  31
 53 117  49  53 140  49  23  23  23  23  18  15  15  15  17  32
 34  53 176  61  58 182  61  31  31  31  31  31  31  31  32  34
 14  13  13  13  13  13  13  13  24 165  81  15  13  45 178  48
 13   8   9   9   9   9   9   9   9  20  85  49   6   6  42 178
 13   9  14  14  14  14  14  10  14  14  14  88  48   7   6  45
 13   9  14  14  14  14  10   5  10  10   7  11  72  48   6  13
 13   9  14  14  14  10   5   5   6   6   5   5  11  88  49  15
 13   9  14  14  10   5   5   5  10  13   8   6   5  11  83  81
 13   9  14  14   6   5   6   5   5   5   6   7   8   5  17 165
 13   9  14  14  11   7  10   6   5   5   5   8   7   6   6  24
 13   9  14  14  13   6   6   5   8   7   5   5   6   6   6  13
 45   9  14  14  14  10   5   5  12   8   5   5   5   5   6  13
176  37  14  14  14  14   6   5   5   5   5   6   5   5   6  13
 41 134  47  14  14  14  11   5   5   5   6   8   5   5   6  13
 45  42 181  50  14  14  13   6  14  14   8   5   5   5   6  13
171  37  50 181  47  14  14  10  14  14   8   5   5   5   6  13
 36 107  37  42 134  37   9   9   9   9   7   6   6   6   7  13
 14  36 171  45  41 176  45  13  13  13  13  13  13  13  13  14
165 155 153 153 153 153 153 153 157 211 186 155 153 166 219 179
155  98 112 112 112 112 112 112 112 116 143 109  71  71  97 219
153 112 167 167 167 167 165 129 167 167 104 130  96  59  71 166
153 112 167 167 167 167 129  62 126 126  83  62 117  96  71 153
153 112 167 167 165 129  57  57  66  71  62  57  62 130 109 155
153 112 167 167 129  62  57  57 117 153 103  67  57  62 128 186
153 112 167 167  67  62  69  59  57  57  72  83 102  60  75 211
153 112 167 167 134  82 120  64  57  57  57  98  81  71  71 157
153 112 167 167 157  74  72  57 105  84  57  57  67  67  71 153
166 112 167 167 167 115  57  57 141 105  57  57  57  57  71 153
217 128 167 167 167 167  67  57  57  57  57  72  57  57  71 153
169 185 179 167 167 167 129  57  57  57  67  98  57  57  71 153
166 124 230 181 167 167 157  74 167 167 103  62  57  57  71 153
216 126 181 230 179 167 167 115 167 167  98  57  57  57  71 153
170 174 126 124 185 128 112 112 112 112  86  71  71  71  83 155
165 170 216 166 169 217 166 153 153 153 153 153 153 153 155 165

 65 183  61  31  33  95 171  41  31  31  31  31  31  31  32  34
183  49  15  15  58  89  25  15  15  15  15  15  15  15  17  32
 61  15  14  55  94  18  13  15  14  12  12  12  12  12  15  31
 31  15  55  79  18  12  21  17  14  12  12  12  12  12  15  31
 33  58  94  18  12  14  17  20  12  12  15  20  13  12  15  31
 95  93  26  17  13  21  15  12  12  12  12  14  21  20  18  31
171  33  34  26  15  31  12  12  17  22  12  12  34  34  23  31
 41  23  34  26  14  24  12  12  22  29  12  12  34  34  23  31
 31  23  26  13  12  12  12  13  12  12  12  12  15  24  23  31
 31  23  34  26  12  12  14  24  15  12  14  26  32  34  23  61
 31  23  34  34  26  13  13  17  15  24  34  34  34  34  49 182
 31  23  34  34  34  26  14  27  32  34  34  34  34  64 140  58
 31  23  34  34  34  34  34  34  34  34  34  34  67 187  53  61
 31  23  34  34  34  34  34  34  34  34  34  64 187  67  49 176
 32  20  23  23  23  23  23  23  23  23  49 140  53  49 117  53
 34  32  31  31  31  31  31  31  31  61 182  58  61 176  53  34
 48 178  45  13  15  81 165  24  13  13  13  13  13  13  13  14
178  42   6   6  49  83  17   6   6   6   6   6   6   6   7  13
 45   6   7  48  88  11   5   6   6   5   5   5   5   5   6  13
 13   6  48  72  11   5   8   7   6   5   5   5   5   5   6  13
 15  49  88  11   5   6   7   8   5   5   6   8   5   5   6  13
 81  85  14   7   5   8   6   5   5   5   5   6   8   8   7  13
165  20  14  10   6  13   5   5   7   8   5   5  14  14   9  13
 24   9  14  10   6  10   5   5   8  12   5   5  14  14   9  13
 13   9  10   5   5   5   5   6   5   5   5   5   6  10   9  13
 13   9  14  10   5   5   6  10   6   5   6  11  13  14   9  45
 13   9  14  14  10   5   5   7   6  10  14  14  14  14  37 176
 13   9  14  14  14  10   6  11  13  14  14  14  14  47 134  41
 13   9  14  14  14  14  14  14  14  14  14  14  50 181  42  45
 13   9  14  14  14  14  14  14  14  14  14  47 181  50  37 171
 13   8   9   9   9   9   9   9   9   9  37 134  42  37 107  36
 14  13  13  13  13  13  13  13  13  45 176  41  45 171  36  14
179 219 166 153 155 186 211 157 153 153 153 153 153 153 155 165
219  97  71  71 109 128  75  71  71  71  71  71  71  71  83 155
166  71  59  96 130  62  60  71  67  57  57  57  57  57  71 153
153  71  96 117  62  57 102  81  67  57  57  57  57  57  71 153
155 109 130  62  57  67  83  98  57  57  72  98  62  57  71 153
186 143 104  83  62 103  72  57  57  57  57  67 103  98  86 153
211 116 167 126  71 153  57  57  84 105  57  57 167 167 112 153
157 112 167 126  66 117  57  57 105 141  57  57 167 167 112 153
153 112 129  62  57  57  59  64  57  57  57  57  74 115 112 153
153 112 165 129  57  57  69 120  72  57  67 129 157 167 112 166
153 112 167 167 129  62  62  82  74 115 167 167 167 167 128 217
153 112 167 167 165 129  67 134 157 167 167 167 167 179 185 169
153 112 167 167 167 167 167 167 167 167 167 167 181 230 124 166
153 112 167 167 167 167 167 167 167 167 167 179 230 181 126 216
155  98 112 112 112 112 112 112 112 112 128 185 124 126 174 170
165 155 153 153 153 153 153 153 153 166 217 169 166 216 170 165

 34  32  31  31  31  31  31  31  31  61 182  58  61 176  53  34
 32  17  15  15  15  18  23  23  23  23  49 140  53  49 117  53
 31  15  12  12  12  20  34  34  24  34  34  64 187  67  49 176
 31  15  12  12  13  21  34  34  15  32  34  34  67 187  53  61
 31  15  12  12  20  14  12  12  12  26  34  34  34  64 140  58
 31  15  12  12  15  12  12  12  12  14  34  34  34  34  49 182
 31  15  12  12  12  12  22  29  12  12  24  34  34  34  23  61
 31  15  14  14  12  12  17  22  12  15  15  32  34  34  23  31
 41  15  15  17  20  12  12  12  13  24  17  27  34  34  23  31
171  25  13  21  17  15  12  12  12  14  13  14  34  34  23  31
 95  89  18  12  14  21  31  24  12  12  13  26  34  34  23  31
 33  58  94  18  12  13  15  14  12  12  26  34  34  34  23  31
 31  15  55  79  18  17  26  26  13  26  34  34  34  34  23  31
 61  15  14  55  94  26  34  34  26  34  34  34  34  34  23  31
183  49  15  15  58  93  33  23  23  23  23  23  23  23  20  32
 65 183  61  31  33  95 171  41  31  31  31  31  31  31  32  34
 14  13  13  13  13  13  13  13  13  45 176  41  45 171  36  14
 13   7   6   6   6   7   9   9   9   9  37 134  42  37 107  36
 13   6   5   5   5   8  14  14  10  14  14  47 181  50  37 171
 13   6   5   5   5   8  14  14   6  13  14  14  50 181  42  45
 13   6   5   5   8   6   5   5   5  11  14  14  14  47 134  41
 13   6   5   5   6   5   5   5   5   6  14  14  14  14  37 176
 13   6   5   5   5   5   8  12   5   5  10  14  14  14   9  45
 13   6   6   6   5   5   7   8   5   6   6  13  14  14   9  13
 24   6   6   7   8   5   5   5   6  10   7  11  14  14   9  13
165  17   5   8   7   6   5   5   5   6   5   6  14  14   9  13
 81  83  11   5   6   8  13  10   5   5   5  10  14  14   9  13
 15  49  88  11   5   5   6   6   5   5  10  14  14  14   9  13
 13   6  48  72  11   7  10  10   5  10  14  14  14  14   9  13
 45   6   7  48  88  14  14  14  10  14  14  14  14  14   9  13
178  42   6   6  49  85  20   9   9   9   9   9   9   9   8  13
 48 178  45  13  15  81 165  24  13  13  13  13  13  13  13  14
165 155 153 153 153 153 153 153 153 166 217 169 166 216 170 165
155  83  71  71  71  86 112 112 112 112 128 185 124 126 174 170
153  71  57  57  57  98 167 167 115 167 167 179 230 181 126 216
153  71  57  57  62 103 167 167  74 157 167 167 181 230 124 166
153  71  57  57  98  67  57  57  57 129 167 167 167 179 185 169
153  71  57  57  72  57  57  57  57  67 167 167 167 167 128 217
153  71  57  57  57  57 105 141  57  57 115 167 167 167 112 166
153  71  67  67  57  57  84 105  57  72  74 157 167 167 112 153
157  71  71  81  98  57  57  57  64 120  82 134 167 167 112 153
211  75  60 102  83  72  57  57  59  69  62  67 167 167 112 153
186 128  62  57  67 103 153 117  57  57  62 129 167 167 112 153
155 109 130  62  57  62  71  66  57  57 129 165 167 167 112 153
153  71  96 117  62  83 126 126  62 129 167 167 167 167 112 153
166  71  59  96 130 104 167 167 129 165 167 167 167 167 112 153
219  97  71  71 109 143 116 112 112 112 112 112 112 112  98 155
179 219 166 153 155 186 211 157 153 153 153 153 153 153 155 165
